30 2 5
0.667323 0.403909
0 1 0 0 0
0.667323 0.403909
0 1 0 0 0
0.189923 0.00454628
0 1 0 0 0
0.1862 0.00547525
0 1 0 0 0
0.192911 0.00297327
0 1 0 0 0
0.196459 0.00562365
0 1 0 0 0
0.190848 0.00687152
0 1 0 0 0
0.181734 0.00432448
0 1 0 0 0
0.160357 5.39289e-05
0 0 0 1 0
0.16014 3.54196e-05
0 0 0 1 0
0.160968 0.000187488
0 0 0 1 0
0.160646 0.000164439
0 0 0 1 0
0.188241 1.11945e-05
0 0 1 0 0
0.191352 7.41276e-05
0 0 1 0 0
0.189797 5.21968e-06
0 0 1 0 0
0.191111 0.000171484
0 0 1 0 0
0.189076 4.34869e-05
0 0 1 0 0
0.187789 0.00012919
0 0 1 0 0
0.173898 0.00273748
0 0 0 0 1
0.174411 0.00285418
0 0 0 0 1
0.174906 0.00285242
0 0 0 0 1
0.180142 0.00254719
0 0 0 0 1
0.172708 0.00241351
0 0 0 0 1
0.178291 0.00316034
0 0 0 0 1
0.159576 7.81801e-05
0 0 0 1 0
0.1596 6.68245e-05
0 0 0 1 0
0.15946 4.60924e-05
0 0 0 1 0
0.159701 0.000134247
0 0 0 1 0
0.159469 6.7312e-05
0 0 0 1 0
0.159714 0.000125373
0 0 0 1 0
