30 2 5
0.159183 3.19596e-07
0 0 0 1 0
0.159199 1.80152e-05
0 0 0 1 0
0.159174 2.94212e-08
0 0 0 1 0
0.159404 1.77677e-05
0 0 0 1 0
0.159213 1.92695e-05
0 0 0 1 0
0.159378 1.66932e-05
0 0 0 1 0
0.159261 6.17272e-06
0 0 0 1 0
0.159226 1.65119e-05
0 0 0 1 0
0.159177 1.76187e-06
0 0 0 1 0
0.159248 9.12431e-07
0 0 0 1 0
0.190729 9.63616e-05
0 0 1 0 0
0.190851 0.000122049
0 0 1 0 0
0.188978 9.13665e-05
0 0 1 0 0
0.190601 0.000125512
0 0 1 0 0
0.190995 9.17536e-05
0 0 1 0 0
0.19161 3.23953e-05
0 0 1 0 0
0.191367 2.53778e-05
0 0 1 0 0
0.189007 9.90704e-08
0 0 1 0 0
0.190506 0.000118483
0 0 1 0 0
0.191295 2.19571e-05
0 0 1 0 0
0.174688 0.0029038
0 0 0 0 1
0.175171 0.00295772
0 0 0 0 1
0.175486 0.00294667
0 0 0 0 1
0.17747 0.00391139
0 0 0 0 1
0.17696 0.00368895
0 0 0 0 1
0.17752 0.00394977
0 0 0 0 1
0.175382 0.00307501
0 0 0 0 1
0.174142 0.0026285
0 0 0 0 1
0.175084 0.00296619
0 0 0 0 1
0.174147 0.00278072
0 0 0 0 1
